999999999999999999999999999999999999999999999999999999999999999999999999999999999999999999999605527 1000000
999999999999999999999999999999999999999999999999999999999999999999999999999999999999999999999605527 1000000
999999999999999999999999999999999999999999999999999999999999999999999999999999999999999999999605527 1000000
999999999999999999999999999999999999999999999999999999999999999999999999999999999999999999999605527 1000000
999999999999999999999999999999999999999999999999999999999999999999999999999999999999999999999605527 1000000
999999999999999999999999999999999999999999999999999999999999999999999999999999999999999999999605527 1000000
999999999999999999999999999999999999999999999999999999999999999999999999999999999999999999999605527 1000000
999999999999999999999999999999999999999999999999999999999999999999999999999999999999999999999605527 1000000
999999999999999999999999999999999999999999999999999999999999999999999999999999999999999999999605527 1000000
999999999999999999999999999999999999999999999999999999999999999999999999999999999999999999999605527 1000000
999999999999999999999999999999999999999999999999999999999999999999999999999999999999999999999605527 1000000
999999999999999999999999999999999999999999999999999999999999999999999999999999999999999999999605527 1000000
999999999999999999999999999999999999999999999999999999999999999999999999999999999999999999999605527 1000000
999999999999999999999999999999999999999999999999999999999999999999999999999999999999999999999605527 1000000
999999999999999999999999999999999999999999999999999999999999999999999999999999999999999999999605527 1000000
999999999999999999999999999999999999999999999999999999999999999999999999999999999999999999999605527 1000000
999999999999999999999999999999999999999999999999999999999999999999999999999999999999999999999605527 1000000
999999999999999999999999999999999999999999999999999999999999999999999999999999999999999999999605527 1000000
999999999999999999999999999999999999999999999999999999999999999999999999999999999999999999999605527 1000000
999999999999999999999999999999999999999999999999999999999999999999999999999999999999999999999605527 1000000
0 0
