10000000000000000000000000000000000000000000000000000000000000000000000000000000000000000000000000000 1000000
10000000000000000000000000000000000000000000000000000000000000000000000000000000000000000000000000000 1000000
10000000000000000000000000000000000000000000000000000000000000000000000000000000000000000000000000000 1000000
10000000000000000000000000000000000000000000000000000000000000000000000000000000000000000000000000000 1000000
10000000000000000000000000000000000000000000000000000000000000000000000000000000000000000000000000000 1000000
10000000000000000000000000000000000000000000000000000000000000000000000000000000000000000000000000000 1000000
10000000000000000000000000000000000000000000000000000000000000000000000000000000000000000000000000000 1000000
10000000000000000000000000000000000000000000000000000000000000000000000000000000000000000000000000000 1000000
10000000000000000000000000000000000000000000000000000000000000000000000000000000000000000000000000000 1000000
10000000000000000000000000000000000000000000000000000000000000000000000000000000000000000000000000000 1000000
10000000000000000000000000000000000000000000000000000000000000000000000000000000000000000000000000000 1000000
10000000000000000000000000000000000000000000000000000000000000000000000000000000000000000000000000000 1000000
10000000000000000000000000000000000000000000000000000000000000000000000000000000000000000000000000000 1000000
10000000000000000000000000000000000000000000000000000000000000000000000000000000000000000000000000000 1000000
10000000000000000000000000000000000000000000000000000000000000000000000000000000000000000000000000000 1000000
10000000000000000000000000000000000000000000000000000000000000000000000000000000000000000000000000000 1000000
10000000000000000000000000000000000000000000000000000000000000000000000000000000000000000000000000000 1000000
10000000000000000000000000000000000000000000000000000000000000000000000000000000000000000000000000000 1000000
10000000000000000000000000000000000000000000000000000000000000000000000000000000000000000000000000000 1000000
10000000000000000000000000000000000000000000000000000000000000000000000000000000000000000000000000000 1000000
0 0
