706113762068412435747683199935230839398684490635512212296530712933315635896349355029272628861810919 1000000
706113762068412435747683199935230839398684490635512212296530712933315635896349355029272628861810919 1000000
706113762068412435747683199935230839398684490635512212296530712933315635896349355029272628861810919 1000000
706113762068412435747683199935230839398684490635512212296530712933315635896349355029272628861810919 1000000
706113762068412435747683199935230839398684490635512212296530712933315635896349355029272628861810919 1000000
706113762068412435747683199935230839398684490635512212296530712933315635896349355029272628861810919 1000000
706113762068412435747683199935230839398684490635512212296530712933315635896349355029272628861810919 1000000
706113762068412435747683199935230839398684490635512212296530712933315635896349355029272628861810919 1000000
706113762068412435747683199935230839398684490635512212296530712933315635896349355029272628861810919 1000000
706113762068412435747683199935230839398684490635512212296530712933315635896349355029272628861810919 1000000
706113762068412435747683199935230839398684490635512212296530712933315635896349355029272628861810919 1000000
706113762068412435747683199935230839398684490635512212296530712933315635896349355029272628861810919 1000000
706113762068412435747683199935230839398684490635512212296530712933315635896349355029272628861810919 1000000
706113762068412435747683199935230839398684490635512212296530712933315635896349355029272628861810919 1000000
706113762068412435747683199935230839398684490635512212296530712933315635896349355029272628861810919 1000000
706113762068412435747683199935230839398684490635512212296530712933315635896349355029272628861810919 1000000
706113762068412435747683199935230839398684490635512212296530712933315635896349355029272628861810919 1000000
706113762068412435747683199935230839398684490635512212296530712933315635896349355029272628861810919 1000000
706113762068412435747683199935230839398684490635512212296530712933315635896349355029272628861810919 1000000
706113762068412435747683199935230839398684490635512212296530712933315635896349355029272628861810919 1000000
0 0
